[000] 610  
[001] 233  
[002] 843  
[003] 466  
[004] 
[005] 089  699  
[006] 322  
[007] 
[008] 555  
[009] 
[010] 788  178  
[011] 411  
[012] 
[013] 644  
[014] 
[015] 267  
[016] 500  
[017] 
[018] 123  733  
[019] 
[020] 356  966  
[021] 
[022] 589  
[023] 822  212  
[024] 
[025] 445  
[026] 068  
[027] 
[028] 301  911  
[029] 
[030] 534  
[031] 157  
[032] 
[033] 390  
[034] 
[035] 623  
[036] 246  
[037] 
[038] 479  
[039] 102  
[040] 
[041] 335  
[042] 945  
[043] 568  
[044] 191  
[045] 801  
[046] 424  
[047] 047  
[048] 657  
[049] 280  
[050] 890  
[051] 513  
[052] 136  
[053] 746  
[054] 369  
[055] 979  
[056] 
[057] 225  
[058] 835  
[059] 458  
[060] 
[061] 691  
[062] 314  
[063] 924  
[064] 
[065] 170  
[066] 780  
[067] 403  
[068] 026  
[069] 636  
[070] 
[071] 869  
[072] 492  
[073] 115  
[074] 
[075] 348  
[076] 
[077] 581  
[078] 204  
[079] 814  
[080] 
[081] 
[082] 060  670  
[083] 293  
[084] 903  
[085] 526  
[086] 
[087] 
[088] 382  
[089] 992  
[090] 615  005  
[091] 
[092] 848  
[093] 
[094] 471  
[095] 094  704  
[096] 
[097] 
[098] 
[099] 560  
[100] 793  183  
[101] 
[102] 416  
[103] 039  
[104] 649  
[105] 272  882  
[106] 
[107] 505  
[108] 
[109] 738  
[110] 361  
[111] 971  
[112] 594  
[113] 
[114] 827  
[115] 450  
[116] 073  
[117] 683  
[118] 306  
[119] 916  
[120] 539  
[121] 162  
[122] 772  
[123] 
[124] 
[125] 628  
[126] 251  
[127] 861  
[128] 484  
[129] 107  
[130] 717  
[131] 340  
[132] 950  
[133] 573  
[134] 
[135] 806  
[136] 429  
[137] 052  
[138] 662  
[139] 
[140] 895  
[141] 518  
[142] 141  
[143] 751  
[144] 374  
[145] 
[146] 607  
[147] 230  
[148] 840  
[149] 463  
[150] 086  
[151] 696  
[152] 319  
[153] 929  
[154] 
[155] 175  
[156] 
[157] 408  
[158] 
[159] 031  641  
[160] 
[161] 
[162] 
[163] 
[164] 120  730  
[165] 353  
[166] 963  
[167] 
[168] 
[169] 819  209  
[170] 
[171] 442  
[172] 065  675  
[173] 
[174] 298  908  
[175] 
[176] 531  
[177] 764  154  
[178] 
[179] 387  
[180] 010  
[181] 620  
[182] 853  243  
[183] 
[184] 476  
[185] 
[186] 709  
[187] 
[188] 942  
[189] 565  
[190] 188  
[191] 798  
[192] 421  
[193] 044  
[194] 654  
[195] 
[196] 
[197] 510  
[198] 
[199] 743  
[200] 366  
[201] 976  
[202] 599  
[203] 222  
[204] 832  
[205] 455  
[206] 078  
[207] 688  
[208] 311  
[209] 921  
[210] 544  
[211] 167  
[212] 777  
[213] 
[214] 023  
[215] 633  
[216] 256  
[217] 866  
[218] 489  
[219] 112  
[220] 722  
[221] 345  
[222] 955  
[223] 578  
[224] 201  
[225] 811  
[226] 
[227] 057  
[228] 667  
[229] 
[230] 900  
[231] 
[232] 146  
[233] 756  
[234] 
[235] 989  
[236] 002  612  
[237] 235  
[238] 845  
[239] 468  
[240] 
[241] 701  091  
[242] 
[243] 324  934  
[244] 
[245] 
[246] 180  790  
[247] 
[248] 413  
[249] 646  
[250] 
[251] 
[252] 
[253] 502  
[254] 125  735  
[255] 
[256] 968  358  
[257] 
[258] 591  
[259] 214  
[260] 824  
[261] 447  
[262] 070  
[263] 680  
[264] 303  
[265] 913  
[266] 536  
[267] 159  
[268] 769  
[269] 392  
[270] 015  
[271] 625  
[272] 
[273] 858  
[274] 481  
[275] 
[276] 714  
[277] 
[278] 
[279] 570  
[280] 193  
[281] 803  
[282] 426  
[283] 049  
[284] 659  
[285] 282  
[286] 
[287] 515  
[288] 138  
[289] 748  
[290] 371  
[291] 981  
[292] 
[293] 
[294] 837  
[295] 460  
[296] 083  
[297] 693  
[298] 
[299] 926  
[300] 549  
[301] 172  
[302] 782  
[303] 
[304] 028  
[305] 638  
[306] 261  
[307] 871  
[308] 494  
[309] 117  
[310] 727  
[311] 350  
[312] 
[313] 
[314] 
[315] 816  206  
[316] 
[317] 
[318] 672  
[319] 
[320] 905  295  
[321] 
[322] 
[323] 151  
[324] 
[325] 384  
[326] 007  617  
[327] 
[328] 850  
[329] 
[330] 473  
[331] 706  
[332] 
[333] 329  939  
[334] 
[335] 562  
[336] 185  
[337] 795  
[338] 418  
[339] 041  
[340] 
[341] 
[342] 884  
[343] 
[344] 
[345] 740  
[346] 363  
[347] 973  
[348] 596  
[349] 
[350] 829  
[351] 452  
[352] 075  
[353] 
[354] 308  
[355] 
[356] 541  
[357] 164  
[358] 774  
[359] 397  
[360] 020  
[361] 630  
[362] 253  
[363] 
[364] 486  
[365] 109  
[366] 719  
[367] 342  
[368] 952  
[369] 575  
[370] 198  
[371] 808  
[372] 431  
[373] 
[374] 664  
[375] 
[376] 897  
[377] 520  
[378] 143  
[379] 753  
[380] 376  
[381] 
[382] 609  
[383] 232  
[384] 842  
[385] 465  
[386] 
[387] 698  
[388] 321  
[389] 
[390] 
[391] 
[392] 177  787  
[393] 
[394] 
[395] 033  643  
[396] 
[397] 876  266  
[398] 
[399] 
[400] 122  732  
[401] 
[402] 355  965  
[403] 588  
[404] 
[405] 211  821  
[406] 
[407] 444  
[408] 067  
[409] 677  
[410] 910  300  
[411] 
[412] 533  
[413] 156  
[414] 766  
[415] 389  999  
[416] 012  
[417] 
[418] 245  
[419] 855  
[420] 478  
[421] 
[422] 711  
[423] 334  
[424] 944  
[425] 567  
[426] 190  
[427] 
[428] 
[429] 046  
[430] 656  
[431] 279  
[432] 
[433] 512  
[434] 135  
[435] 745  
[436] 368  
[437] 978  
[438] 601  
[439] 224  
[440] 834  
[441] 457  
[442] 
[443] 690  
[444] 313  
[445] 
[446] 546  
[447] 169  
[448] 779  
[449] 402  
[450] 025  
[451] 635  
[452] 
[453] 868  
[454] 
[455] 114  
[456] 724  
[457] 347  
[458] 
[459] 580  
[460] 
[461] 813  
[462] 436  
[463] 
[464] 669  059  
[465] 292  
[466] 902  
[467] 
[468] 
[469] 148  758  
[470] 
[471] 991  
[472] 004  
[473] 
[474] 237  847  
[475] 470  
[476] 
[477] 703  093  
[478] 
[479] 326  936  
[480] 559  
[481] 
[482] 792  182  
[483] 
[484] 
[485] 038  
[486] 648  
[487] 271  881  
[488] 
[489] 504  
[490] 
[491] 737  
[492] 
[493] 
[494] 593  
[495] 
[496] 826  
[497] 449  
[498] 072  
[499] 682  
[500] 
[501] 915  
[502] 538  
[503] 161  
[504] 771  
[505] 394  
[506] 017  
[507] 
[508] 250  
[509] 860  
[510] 483  
[511] 106  
[512] 716  
[513] 
[514] 949  
[515] 572  
[516] 195  
[517] 805  
[518] 428  
[519] 051  
[520] 661  
[521] 
[522] 
[523] 517  
[524] 140  
[525] 750  
[526] 373  
[527] 983  
[528] 606  
[529] 229  
[530] 839  
[531] 462  
[532] 085  
[533] 695  
[534] 318  
[535] 928  
[536] 551  
[537] 174  
[538] 784  
[539] 407  
[540] 
[541] 640  030  
[542] 263  
[543] 873  
[544] 496  
[545] 
[546] 729  119  
[547] 352  
[548] 962  
[549] 
[550] 
[551] 208  818  
[552] 441  
[553] 
[554] 674  
[555] 
[556] 297  907  
[557] 
[558] 530  
[559] 153  763  
[560] 
[561] 386  
[562] 009  
[563] 
[564] 852  
[565] 
[566] 
[567] 098  
[568] 
[569] 331  941  
[570] 
[571] 
[572] 187  
[573] 
[574] 420  
[575] 043  
[576] 653  
[577] 276  
[578] 
[579] 
[580] 132  
[581] 742  
[582] 365  
[583] 
[584] 598  
[585] 221  
[586] 831  
[587] 454  
[588] 077  
[589] 687  
[590] 
[591] 920  
[592] 543  
[593] 
[594] 776  
[595] 399  
[596] 022  
[597] 632  
[598] 255  
[599] 865  
[600] 488  
[601] 111  
[602] 721  
[603] 344  
[604] 954  
[605] 577  
[606] 
[607] 810  
[608] 433  
[609] 056  
[610] 
[611] 289  
[612] 899  
[613] 
[614] 145  
[615] 755  
[616] 378  
[617] 988  
[618] 001  611  
[619] 
[620] 844  
[621] 
[622] 
[623] 700  090  
[624] 323  
[625] 
[626] 556  
[627] 
[628] 789  
[629] 
[630] 412  
[631] 645  035  
[632] 
[633] 268  878  
[634] 
[635] 501  
[636] 734  124  
[637] 
[638] 357  
[639] 
[640] 
[641] 213  823  
[642] 
[643] 
[644] 069  
[645] 679  
[646] 302  912  
[647] 
[648] 
[649] 158  
[650] 768  
[651] 391  
[652] 014  
[653] 624  
[654] 
[655] 857  
[656] 480  
[657] 103  
[658] 713  
[659] 336  
[660] 
[661] 569  
[662] 192  
[663] 802  
[664] 425  
[665] 
[666] 658  
[667] 281  
[668] 891  
[669] 514  
[670] 
[671] 747  
[672] 370  
[673] 
[674] 603  
[675] 226  
[676] 836  
[677] 459  
[678] 082  
[679] 692  
[680] 315  
[681] 925  
[682] 548  
[683] 171  
[684] 781  
[685] 404  
[686] 027  
[687] 637  
[688] 
[689] 870  
[690] 
[691] 116  
[692] 
[693] 349  
[694] 959  
[695] 582  
[696] 205  
[697] 815  
[698] 438  
[699] 
[700] 671  061  
[701] 294  
[702] 
[703] 527  
[704] 
[705] 150  760  
[706] 
[707] 993  
[708] 616  
[709] 
[710] 849  239  
[711] 
[712] 472  
[713] 705  095  
[714] 
[715] 328  
[716] 
[717] 561  
[718] 184  
[719] 
[720] 417  
[721] 
[722] 650  
[723] 273  
[724] 883  
[725] 506  
[726] 129  
[727] 739  
[728] 362  
[729] 972  
[730] 
[731] 218  
[732] 828  
[733] 451  
[734] 074  
[735] 684  
[736] 307  
[737] 917  
[738] 540  
[739] 
[740] 773  
[741] 396  
[742] 019  
[743] 629  
[744] 252  
[745] 862  
[746] 
[747] 108  
[748] 718  
[749] 341  
[750] 951  
[751] 574  
[752] 197  
[753] 807  
[754] 430  
[755] 
[756] 663  
[757] 286  
[758] 896  
[759] 
[760] 142  
[761] 752  
[762] 
[763] 985  
[764] 608  
[765] 231  
[766] 841  
[767] 
[768] 087  
[769] 697  
[770] 320  
[771] 930  
[772] 553  
[773] 176  
[774] 786  
[775] 409  
[776] 
[777] 642  
[778] 
[779] 875  265  
[780] 498  
[781] 
[782] 121  
[783] 
[784] 964  354  
[785] 587  
[786] 
[787] 820  
[788] 
[789] 443  
[790] 066  676  
[791] 
[792] 299  909  
[793] 
[794] 532  
[795] 155  
[796] 765  
[797] 998  388  
[798] 011  
[799] 621  
[800] 244  
[801] 
[802] 
[803] 100  
[804] 710  
[805] 
[806] 943  
[807] 566  
[808] 189  
[809] 799  
[810] 422  
[811] 045  
[812] 655  
[813] 278  
[814] 888  
[815] 511  
[816] 134  
[817] 
[818] 367  
[819] 
[820] 600  
[821] 223  
[822] 833  
[823] 456  
[824] 079  
[825] 689  
[826] 312  
[827] 922  
[828] 545  
[829] 168  
[830] 
[831] 401  
[832] 
[833] 634  
[834] 257  
[835] 
[836] 490  
[837] 113  
[838] 723  
[839] 346  
[840] 956  
[841] 579  
[842] 202  
[843] 812  
[844] 435  
[845] 058  
[846] 668  
[847] 291  
[848] 
[849] 524  
[850] 147  
[851] 
[852] 380  
[853] 990  
[854] 003  613  
[855] 
[856] 846  236  
[857] 
[858] 
[859] 702  
[860] 
[861] 935  
[862] 558  
[863] 
[864] 181  
[865] 
[866] 414  
[867] 037  647  
[868] 
[869] 880  
[870] 
[871] 
[872] 126  
[873] 736  
[874] 359  969  
[875] 
[876] 592  
[877] 215  
[878] 825  
[879] 448  
[880] 071  
[881] 681  
[882] 304  
[883] 914  
[884] 537  
[885] 160  
[886] 770  
[887] 
[888] 016  
[889] 626  
[890] 249  
[891] 859  
[892] 482  
[893] 105  
[894] 715  
[895] 338  
[896] 948  
[897] 571  
[898] 
[899] 804  
[900] 
[901] 050  
[902] 
[903] 283  
[904] 893  
[905] 
[906] 139  
[907] 749  
[908] 
[909] 982  
[910] 
[911] 
[912] 838  
[913] 
[914] 084  
[915] 694  
[916] 317  
[917] 927  
[918] 550  
[919] 173  
[920] 783  
[921] 406  
[922] 029  
[923] 
[924] 
[925] 872  
[926] 495  
[927] 
[928] 728  
[929] 351  
[930] 961  
[931] 584  
[932] 
[933] 817  207  
[934] 440  
[935] 
[936] 063  
[937] 
[938] 906  296  
[939] 529  
[940] 
[941] 762  152  
[942] 
[943] 385  995  
[944] 008  
[945] 618  
[946] 851  
[947] 
[948] 
[949] 
[950] 707  
[951] 330  
[952] 
[953] 563  
[954] 186  
[955] 796  
[956] 
[957] 
[958] 652  
[959] 275  
[960] 885  
[961] 508  
[962] 
[963] 741  
[964] 364  
[965] 974  
[966] 
[967] 220  
[968] 
[969] 453  
[970] 076  
[971] 
[972] 
[973] 919  
[974] 542  
[975] 165  
[976] 775  
[977] 398  
[978] 
[979] 631  
[980] 254  
[981] 864  
[982] 487  
[983] 
[984] 720  
[985] 343  
[986] 953  
[987] 
[988] 199  
[989] 809  
[990] 432  
[991] 055  
[992] 665  
[993] 288  
[994] 898  
[995] 521  
[996] 144  
[997] 754  
[998] 
[999] 987  